function traj = posTrajectory(t)
traj = [-0.0543*t^3+0.2443*t^2+0.3142,-0.0076*t^3+0.0343*t^2+1.0472];
end